<?xml version="1.0"?>
<opencv_storage>
<calibration_Time>"Mon Apr 17 14:24:32 2023"</calibration_Time>
<image_Width>5472</image_Width>
<image_Height>3648</image_Height>
<Camera_Matrix type_id="opencv-matrix">
  <rows>3</rows>
  <cols>3</cols>
  <dt>d</dt>
  <data>
    1.66036884014733514e+04 0. 2.75090391565253276e+03 0.
    1.66035870641809197e+04 2.16739361705498322e+03 0. 0. 1.</data></Camera_Matrix>
<Distortion_Coefficients type_id="opencv-matrix">
  <rows>5</rows>
  <cols>1</cols>
  <dt>d</dt>
  <data>
    -7.79808828277381155e-02 -1.11391675085536779e+01 8.22492416916677932e-03 -1.26677587183210449e-03
    -1.58510242457407708e+03</data></Distortion_Coefficients>
</opencv_storage>
